	Y	C	I
1947-01-01	10.55185374	8.924	1.5235883
1947-04-01	10.46971973	9.032	1.400556367
1947-07-01	10.3936822	9.02	1.353148862
1947-10-01	10.59296316	8.981	1.607502653
1948-01-01	10.70951005	8.989	1.765299329
1948-04-01	10.77553336	9.058	1.86711236
1948-07-01	10.73444913	9.032	1.878124979
1948-10-01	10.56174165	9.062	1.780003658
1949-01-01	10.21376826	9.037	1.507595073
1949-04-01	9.951742393	9.139	1.301974511
1949-07-01	10.03247149	9.121	1.403900057
1949-10-01	9.940825881	9.212	1.328787283
1950-01-01	10.52349688	9.327	1.637492871
1950-04-01	10.85472413	9.448	1.8063495
1950-07-01	11.44577655	9.89	1.953182473
1950-10-01	11.40994904	9.549	2.191486853
1951-01-01	11.12768525	9.739	1.959430104
1951-04-01	10.73943159	9.426	1.996894127
1951-07-01	10.44476425	9.493	1.841388009
1951-10-01	10.12628747	9.503	1.686663148
1952-01-01	10.0777812	9.486	1.723662615
1952-04-01	9.862242715	9.634	1.587488106
1952-07-01	9.871994761	9.639	1.665358912
1952-10-01	10.2535098	9.933	1.777195448
1953-01-01	10.32031102	10.013	1.8087013
1953-04-01	10.27645137	10.036	1.812295803
1953-07-01	10.20589284	9.966	1.766294117
1953-10-01	9.91993227	9.853	1.631017374
1954-01-01	9.971158137	9.847	1.612410741
1954-04-01	10.16670268	9.935	1.60210022
1954-07-01	10.43809723	10.023	1.671697464
1954-10-01	10.74498545	10.184	1.736552433
1955-01-01	11.17306521	10.369	1.902127841
1955-04-01	11.46454047	10.525	2.009735297
1955-07-01	11.6085489	10.607	2.031362462
1955-10-01	11.77334319	10.688	2.068381615
1956-01-01	11.65842055	10.662	2.001029268
1956-04-01	11.63912199	10.654	1.977251055
1956-07-01	11.62021795	10.628	1.950419106
1956-10-01	11.70136233	10.721	1.922716863
1957-01-01	11.63624451	10.748	1.884458078
1957-04-01	11.58107673	10.723	1.874869052
1957-07-01	11.64973374	10.759	1.909256691
1957-10-01	11.31904047	10.715	1.754484767
1958-01-01	10.88055864	10.527	1.630009707
1958-04-01	10.80171992	10.573	1.591058488
1958-07-01	11.10856645	10.702	1.705765032
1958-10-01	11.335505	10.798	1.842704578
1959-01-01	11.68326848	10.949	1.934755318
1959-04-01	11.96202618	11.075	2.077209481
1959-07-01	11.87185107	11.143	1.934804289
1959-10-01	11.92051294	11.106	1.988954832
1960-01-01	12.35527189	11.147	2.176066117
1960-04-01	12.11710024	11.22	1.961413739
1960-07-01	12.00005516	11.119	1.946718441
1960-10-01	11.67979716	11.09	1.724232086
1961-01-01	11.66988622	11.048	1.763023314
1961-04-01	11.9112345	11.17	1.879320595
1961-07-01	12.07612586	11.177	2.016995921
1961-10-01	12.2458652	11.353	2.041596807
1962-01-01	12.41075596	11.433	2.14402893
1962-04-01	12.50486297	11.533	2.11969732
1962-07-01	12.53988209	11.581	2.147379177
1962-10-01	12.50680413	11.698	2.076177536
1963-01-01	12.76321701	11.741	2.178227181
1963-04-01	12.93297195	11.814	2.205769007
1963-07-01	13.02205863	11.928	2.264988319
1963-10-01	13.17079564	11.981	2.28368582
1964-01-01	13.52596961	12.179	2.36180965
1964-04-01	13.64262372	12.355	2.345860305
1964-07-01	13.90192244	12.537	2.391920148
1964-10-01	13.91893769	12.529	2.406104552
1965-01-01	14.38490802	12.773	2.628308704
1965-04-01	14.53237214	12.879	2.628055507
1965-07-01	14.73268532	13.056	2.710434787
1965-10-01	15.05145459	13.38	2.719555098
1966-01-01	15.41951748	13.544	2.929573004
1966-04-01	15.32199392	13.543	2.878645995
1966-07-01	15.26944742	13.656	2.848702489
1966-10-01	15.28083714	13.671	2.856634309
1967-01-01	15.12847091	13.716	2.779685503
1967-04-01	15.13756267	13.869	2.672535335
1967-07-01	15.22525777	13.901	2.743201415
1967-10-01	15.29656465	13.947	2.794510252
1968-01-01	15.59521988	14.251	2.844506113
1968-04-01	15.91125556	14.435	2.946575739
1968-07-01	16.02898053	14.666	2.858445648
1968-10-01	16.07295895	14.692	2.88178408
1969-01-01	16.39742022	14.825	3.045178381
1969-04-01	16.45861307	14.886	3.020299478
1969-07-01	16.55728967	14.917	3.073009961
1969-10-01	16.49597218	14.992	2.916039571
1970-01-01	16.45684662	15.048	2.822109307
1970-04-01	16.52984305	15.069	2.819471378
1970-07-01	16.66343912	15.15	2.855617056
1970-10-01	16.342871	15.056	2.694678116
1971-01-01	17.05264965	15.298	2.999627593
1971-04-01	17.15291616	15.394	3.075833566
1971-07-01	17.30598077	15.47	3.103600962
1971-10-01	17.36280806	15.678	3.010731301
1972-01-01	17.73408976	15.847	3.201451645
1972-04-01	18.2309993	16.11	3.375305886
1972-07-01	18.56516526	16.316	3.414380938
1972-10-01	18.88721487	16.655	3.426726204
1973-01-01	19.42983162	16.923	3.619729914
1973-04-01	19.72837482	16.877	3.765627436
1973-07-01	19.62275968	16.895	3.620054573
1973-10-01	19.77502962	16.803	3.739887545
1974-01-01	19.37410858	16.619	3.519104455
1974-04-01	19.35937866	16.643	3.497542158
1974-07-01	19.04420328	16.672	3.307830602
1974-10-01	18.85824872	16.386	3.319333954
1975-01-01	18.42257652	16.49	2.779027123
1975-04-01	18.62460817	16.721	2.689828984
1975-07-01	18.87621654	16.909	2.889823338
1975-10-01	19.11588301	17.046	2.962831108
1976-01-01	19.65959855	17.35	3.241737762
1976-04-01	19.89925887	17.472	3.36289582
1976-07-01	20.0187141	17.611	3.365928056
1976-10-01	20.16788098	17.792	3.382140263
1977-01-01	20.38285626	17.96	3.530609269
1977-04-01	20.80451999	18.014	3.774623106
1977-07-01	21.22404374	18.134	3.954536593
1977-10-01	21.18200641	18.354	3.844390396
1978-01-01	21.22153266	18.414	3.91016106
1978-04-01	22.08523446	18.76	4.153598373
1978-07-01	22.24818219	18.784	4.262114626
1978-10-01	22.51513756	18.88	4.348000519
1979-01-01	22.58698562	18.93	4.344168243
1979-04-01	22.48730739	18.868	4.328957849
1979-07-01	22.61990613	18.994	4.243197083
1979-10-01	22.57557813	18.983	4.155043628
1980-01-01	22.49570019	18.902	4.115036559
1980-04-01	21.79784422	18.425	3.754623135
1980-07-01	21.80194239	18.572	3.496343228
1980-10-01	22.29039875	18.772	3.811871144
1981-01-01	22.7276385	18.796	4.156217407
1981-04-01	22.43738952	18.755	3.974960161
1981-07-01	22.76120816	18.791	4.187567575
1981-10-01	22.27656202	18.613	4.029570859
1982-01-01	21.77399252	18.711	3.640653428
1982-04-01	21.83090994	18.726	3.629871586
1982-07-01	21.60206109	18.804	3.587450215
1982-10-01	21.44248608	19.086	3.301964183
1983-01-01	21.70879827	19.236	3.409461091
1983-04-01	22.2703779	19.587	3.703761943
1983-07-01	22.68132974	19.889	3.925998389
1983-10-01	23.39404558	20.159	4.29785714
1984-01-01	23.87560536	20.287	4.704178604
1984-04-01	24.20397574	20.53	4.847345414
1984-07-01	24.39037087	20.632	4.940213051
1984-10-01	24.42754772	20.848	4.864314258
1985-01-01	24.60860931	21.163	4.722164487
1985-04-01	24.66152761	21.313	4.7924518
1985-07-01	24.91010474	21.662	4.747559561
1985-10-01	25.06121469	21.654	4.91024993
1986-01-01	25.25761587	21.8	4.899108234
1986-04-01	25.1753894	21.991	4.803422253
1986-07-01	25.24525029	22.325	4.662693703
1986-10-01	25.40617043	22.408	4.665478453
1987-01-01	25.56000397	22.387	4.782078352
1987-04-01	25.80871681	22.645	4.774488702
1987-07-01	26.03758226	22.847	4.763396677
1987-10-01	26.43908403	22.839	5.075418204
1988-01-01	26.646711	23.196	4.822135229
1988-04-01	27.03301787	23.319	4.926780431
1988-07-01	27.17288897	23.465	4.941268534
1988-10-01	27.41133734	23.672	5.004191636
1989-01-01	27.76881847	23.734	5.163669561
1989-04-01	27.84667452	23.791	5.102191347
1989-07-01	27.96112201	23.956	5.042479148
1989-10-01	27.91153261	23.994	4.991452406
1990-01-01	28.10545281	24.142	5.02963814
1990-04-01	28.13936911	24.14	5.015594027
1990-07-01	28.04999302	24.15	4.901015583
1990-10-01	27.54745071	23.882	4.610524809
1991-01-01	27.23334443	23.719	4.443403182
1991-04-01	27.39383079	23.839	4.429252795
1991-07-01	27.50917252	23.873	4.500907605
1991-10-01	27.61291424	23.78	4.644593561
1992-01-01	27.8905687	24.154	4.54541542
1992-04-01	28.21928022	24.237	4.786479436
1992-07-01	28.42610709	24.407	4.806776592
1992-10-01	28.72237559	24.612	4.93634741
1993-01-01	28.81733639	24.634	5.037863024
1993-04-01	28.95006658	24.783	5.05149985
1993-07-01	29.01986851	24.973	5.000103562
1993-10-01	29.41312651	25.112	5.246081966
1994-01-01	29.82131554	25.331	5.431306006
1994-04-01	30.21459965	25.454	5.681739031
1994-07-01	30.19372797	25.565	5.570921287
1994-10-01	30.63117071	25.763	5.782407302
1995-01-01	30.65802146	25.758	5.827497852
1995-04-01	30.65894147	25.91	5.690293152
1995-07-01	30.92135581	26.061	5.638198502
1995-10-01	31.19163244	26.162	5.76052946
1996-01-01	31.35513451	26.338	5.838494974
1996-04-01	31.82539341	26.546	6.101674646
1996-07-01	32.087577	26.62	6.358133922
1996-10-01	32.34883815	26.746	6.329527549
1997-01-01	32.57683772	26.957	6.440268817
1997-04-01	33.0564871	27.001	6.814842543
1997-07-01	33.43051161	27.37	6.887406681
1997-10-01	33.64479336	27.611	6.968371462
1998-01-01	34.01722131	27.819	7.253591562
1998-04-01	34.16403521	28.231	7.189105668
1998-07-01	34.53003645	28.51	7.35097482
1998-10-01	35.07665465	28.835	7.555010815
1999-01-01	35.33903266	29.058	7.742843479
1999-04-01	35.58074904	29.422	7.726533364
1999-07-01	35.94823254	29.658	7.913369389
1999-10-01	36.43740734	30.002	8.101068455
2000-01-01	36.57939098	30.379	8.023735887
2000-04-01	37.23147708	30.586	8.47771647
2000-07-01	37.21677765	30.796	8.371759281
2000-10-01	37.33732603	30.983	8.365638161
2001-01-01	36.9532215	31.024	7.967800851
2001-04-01	36.98937291	31.013	7.960430139
2001-07-01	36.71585593	31.04	7.767837134
2001-10-01	36.59092036	31.461	7.364369514
2002-01-01	36.72460313	31.462	7.565152386
2002-04-01	36.85338035	31.551	7.672373024
2002-07-01	36.89715681	31.691	7.641644381
2002-10-01	36.79426796	31.79	7.618324124
2003-01-01	36.95177636	31.88	7.660967028
2003-04-01	37.19647342	32.174	7.696723204
2003-07-01	37.86914295	32.548	7.957408566
2003-10-01	38.27023441	32.694	8.205884067
2004-01-01	38.42636285	32.934	8.206185391
2004-04-01	38.69293385	33.042	8.515390525
2004-07-01	39.03740084	33.347	8.626052867
2004-10-01	39.44827305	33.641	8.784160172
2005-01-01	39.86437684	33.783	9.012035653
2005-04-01	40.02826908	34.084	8.87313761
2005-07-01	40.28655598	34.28	8.967598029
2005-10-01	40.46336414	34.257	9.235864363
2006-01-01	40.92754991	34.555	9.352523712
2006-04-01	40.96396209	34.656	9.271292995
2006-07-01	40.94995321	34.788	9.211691958
2006-10-01	41.19217459	35.03	9.009911784
2007-01-01	41.23786713	35.169	8.928185783
2007-04-01	41.3799538	35.182	9.006435788
2007-07-01	41.53690964	35.325	8.892565103
2007-10-01	41.66577177	35.375	8.760904669
2008-01-01	41.33847127	35.249	8.511710281
2008-04-01	41.45356063	35.269	8.339041952
2008-07-01	40.99527717	34.912	8.151960302
2008-10-01	39.70558806	34.517	7.350534658
2009-01-01	38.91971578	34.359	6.487932549
2009-04-01	38.60040539	34.12	6.101317839
2009-07-01	38.66062691	34.271	6.07339721
2009-10-01	39.07913132	34.154	6.619640917
2010-01-01	39.29644773	34.283	6.756763494
2010-04-01	39.6757707	34.528	7.09851354
2010-07-01	40.06361308	34.707	7.400687604
2010-10-01	40.31527802	34.851	7.362555725
2011-01-01	40.25738167	34.928	7.212127542
2011-04-01	40.60530217	34.907	7.494953222
2011-07-01	40.65375465	34.945	7.505086569
2011-10-01	41.15277081	34.939	8.068181164
2012-01-01	41.54962426	35.135	8.223613128
2012-04-01	41.77065705	35.14	8.399476883
2012-07-01	41.796466	35.144	8.42149462
2012-10-01	41.8717965	35.217	8.330783757
2013-01-01	42.34858449	35.354	8.628974548
2013-04-01	42.37303019	35.354	8.71222391
2013-07-01	42.75558861	35.419	9.031952524
2013-10-01	43.12025444	35.633	9.04706472
2014-01-01	42.90554821	35.711	8.93217208
2014-04-01	43.4943463	35.983	9.293712907
2014-07-01	43.96048551	36.265	9.464983491
2014-10-01	44.11738751	36.597	9.456394321
2015-01-01	44.43467746	36.784	9.770960263
2015-04-01	44.59378373	36.973	9.784476789
2015-07-01	44.6381532	37.182	9.745657758
2015-10-01	44.59583446	37.296	9.609723737
2016-01-01	44.74156983	37.509	9.55300384
2016-04-01	44.84971088	37.639	9.487792338
2016-07-01	45.04423862	37.789	9.488575553
2016-10-01	45.21579828	37.905	9.713301733
2017-01-01	45.43288361	38.128	9.669564494
2017-04-01	45.64905154	38.253	9.825498234
2017-07-01	45.98050849	38.407	9.957747907
2017-10-01	46.36637594	38.753	10.05755561
2018-01-01	46.72188156	38.942	10.2545683
2018-04-01	47.06973918	39.23	10.2616107
2018-07-01	47.2528892	39.431	10.48673919
2018-10-01	47.33766277	39.546	10.52998761
2019-01-01	47.56617255	39.568	10.68372453
2019-04-01	47.84962074	39.872	10.74113992
2019-07-01	48.12746631	40.131	10.75633499
2019-10-01	48.25857418	40.248	10.56279125
2020-01-01	47.35750116	39.494	10.4090687
2020-04-01	42.07383191	35.637	8.796458299
2020-07-01	46.01092115	38.808	10.20369709
2020-10-01	46.58721037	39.079	10.76702387
2021-01-01	47.32390766	40.128	10.69845111
2021-04-01	48.25742054	41.241	10.59850427
